Colton Roach 
PROG 1
Grade:   50 / 50

Program:

Return the token type NOT just 1 and set something else to the type. 

Other than that, fine.

#############################
autograde output
#############################

roach

Tar:


Make:

flex++ --warn program1.lpp
g++  program1.cpp program1_lex.cpp -o program1

Execute:

Line    Column  Type    Length  Value   
1       1       1       2       ==      
1       4       1       1       >       
1       6       1       1       <       
1       8       1       2       >=      
1       11      1       2       <=      
1       14      1       2       !=      
1       16      11      1       
2       1       2       2       ||      
2       4       2       2       &&      
2       6       11      1       
3       1       3       1       +       
3       2       3       1       -       
3       3       3       1       *       
3       4       3       1       /       
3       5       11      1       
4       1       4       1       {       
4       2       4       1       }       
4       3       4       1       [       
4       4       4       1       ]       
4       5       4       1       (       
4       6       4       1       )       
4       7       11      1       
5       1       5       1       .       
5       2       5       1       ,       
5       3       5       1       ;       
5       4       11      1       
6       1       6       4       this    
6       6       6       2       if      
6       9       6       4       else    
6       14      6       5       while   
6       19      11      1       
7       1       7       2       ID      
7       4       7       3       _ID     
7       8       7       3       _1d     
7       12      7       3       _2d     
7       16      7       8       _2_a_3_b
7       24      11      1       
8       1       8       9       123456789
8       10      11      1       
9       1       9       5       234.5   
9       7       9       5       23.45   
9       13      9       5       2.345   
9       18      11      1       
10      1       9       8       345.6E56
10      10      9       8       345.6e56
10      19      9       9       345.6E-56
10      29      9       9       345.6e-56
10      39      9       9       345.6E+56
10      49      9       9       345.6e+56
10      59      11      1       
11      1       9       5       45E98   
11      7       9       5       45e98   
11      13      9       6       45E+98  
11      20      9       6       45e+98  
11      27      9       6       45E-98  
11      34      9       6       45e-98  
11      40      11      1       
12      1       10      1       @       
12      3       10      1       |       
12      5       10      1       &       
12      7       10      1       !       
12      9       10      1       ^       
12      11      10      1       %       
12      13      10      1       #       
12      15      10      1       ?       
12      17      10      1       \       
12      19      10      1       "       
12      21      10      1       '       
12      23      10      1       :       
12      24      11      1       
13      1       8       2       12      
13      3       7       4       asbc    
13      7       11      1       
14      1       7       4       Tabs    
14      9       7       4       col9    
14      17      7       5       col17   
14      33      7       5       col33   
14      38      11      1       
15      1       3       1       /       
15      2       3       1       *       
15      4       10      1       C       
15      6       7       7       comment 
15      14      3       1       *       
15      15      3       1       /       
15      17      7       6       Thus17  
15      23      11      1       
16      1       3       1       /       
16      2       3       1       *       
16      3       7       9       Multuline
16      12      11      1       
17      2       3       1       *       
17      4       10      1       C       
17      6       7       7       comment 
17      13      11      1       
18      2       3       1       *       
18      3       3       1       /       
18      5       7       4       And5    
18      9       11      1       

Make clean:

/bin/rm -f program1 program1_lex.cpp
